p0 627 51 61
p1 142 667 733
p2 164 773 676
p3 531 441 534
p4 537 615 561
p5 130 385 25
p6 698 299 275
p7 605 627 774
p8 194 184 757
p9 460 747 552
p10 168 95 790
p11 234 770 396
p12 1 229 324
p13 306 455 357
p14 343 324 430
p15 781 268 260
p16 331 733 473
p17 273 746 673
p18 714 198 383
p19 114 440 646
p20 739 558 763
p21 34 635 562
p22 764 298 286
p23 76 227 797
p24 123 272 654
p25 343 601 483
p26 656 185 457
p27 43 296 409
p28 634 456 581
p29 262 608 259
p30 276 363 278
p31 178 592 697
p32 238 180 240
p33 313 78 664
p34 30 74 50
p35 260 649 33
p36 470 341 625
p37 438 200 0
p38 375 794 289
p39 379 792 591
p40 424 26 480
p41 580 686 562
p42 162 765 732
p43 108 446 729
p44 725 254 489
p45 84 403 280
p46 190 129 794
p47 521 21 191
p48 442 88 170
p49 574 753 314
p50 51 466 215
p51 86 381 631
p52 255 360 331
p53 243 238 27
p54 295 112 487
p55 504 716 766
p56 93 530 524
p57 217 179 239
p58 243 446 402
p59 588 86 30
p60 376 301 569
p61 351 565 459
p62 149 648 698
p63 71 764 549
p64 228 311 445
p65 312 548 78
p66 462 538 272
p67 645 236 541
p68 779 650 265
p69 330 379 172
p70 440 617 324
p71 741 553 628
p72 766 118 287
p73 447 598 367
